吉林建筑大学测勘学院
主点要素:
p1=1.875	p2=1.875	q1=149.972	q2=149.972	T1=686.373	T2=686.373
圆曲线长Ly=747.198	平曲线 L=1347.198	 外矢距 E=72.494	切曲差D=25.548
主点里程桩号：
KZH=155224.535	KHY=155524.535	KQZ=155898.134	KYH=156271.733	KHZ=156571.733
主点坐标：
ZH(x,y) 33670.847,51097.981	HY(x,y) 33854.693,51334.953
YH(x,y) 34159.648,52012.333	HZ(x,y) 34215.177,52307.073

逐桩坐标
桩号      X坐标         Y坐标          切线方位角(d.ms) 左边桩X      左边桩Y      右边桩X      右边桩Y      
155224.53533670.847      51097.981      50.454606      33680.335      51090.232      33661.359      51105.73       
155230    33674.304      51102.214      50.45512       33683.792      51094.466      33664.816      51109.962      
155240    33680.628      51109.96       50.462717      33690.118      51102.213      33671.138      51117.707      
155250    33686.951      51117.707      50.473753      33696.443      51109.964      33677.459      51125.45       
155260    33693.27       51125.458      50.492226      33702.766      51117.719      33683.774      51133.197      
155270    33699.585      51133.212      50.514137      33709.086      51125.48       33690.084      51140.944      
155280    33705.894      51140.97       50.543485      33715.402      51133.246      33696.386      51148.694      
155290    33712.195      51148.735      50.580272      33721.711      51141.02       33702.679      51156.45       
155300    33718.488      51156.507      51.020496      33728.013      51148.804      33708.963      51164.21       
155310    33724.772      51164.286      51.064157      33734.307      51156.595      33715.237      51171.977      
155320    33731.044      51172.074      51.115257      33740.591      51164.398      33721.497      51179.75       
155330    33737.304      51179.873      51.173794      33746.863      51172.213      33727.745      51187.533      
155340    33743.55       51187.682      51.235769      33753.124      51180.039      33733.976      51195.325      
155350    33749.781      51195.503      51.305182      33759.37       51187.88       33740.192      51203.126      
155360    33755.996      51203.338      51.382033      33765.601      51195.735      33746.391      51210.941      
155370    33762.193      51211.186      51.462321      33771.816      51203.606      33752.57       51218.766      
155380    33768.371      51219.049      51.550047      33778.013      51211.493      33758.729      51226.605      
155390    33774.529      51226.929      52.041211      33784.191      51219.399      33764.867      51234.459      
155400    33780.665      51234.825      52.135813      33790.349      51227.322      33770.981      51242.328      
155410    33786.778      51242.739      52.241852      33796.484      51235.266      33777.072      51250.212      
155420    33792.866      51250.672      52.351329      33802.596      51243.229      33783.136      51258.115      
155430    33798.928      51258.625      52.464244      33808.683      51251.215      33789.173      51266.035      
155440    33804.963      51266.598      52.584596      33814.744      51259.222      33795.182      51273.974      
155450    33810.97       51274.593      53.112387      33820.778      51267.253      33801.162      51281.933      
155460    33816.946      51282.611      53.243615      33826.782      51275.309      33807.11       51289.913      
155470    33822.891      51290.652      53.38228       33832.756      51283.389      33813.026      51297.915      
155480    33828.803      51298.718      53.524384      33838.698      51291.497      33818.908      51305.939      
155490    33834.68       51306.808      54.073925      33844.606      51299.63       33824.754      51313.986      
155500    33840.522      51314.924      54.230904      33850.481      51307.791      33830.563      51322.057      
155510    33846.326      51323.067      54.391321      33856.318      51315.98       33836.334      51330.154      
155520    33852.092      51331.238      54.555175      33862.118      51324.2        33842.066      51338.276      
155524.53533854.693      51334.953      55.033592      33864.735      51327.937      33844.651      51341.969      
155530    33857.817      51339.437      55.125954      33867.878      51332.449      33847.756      51346.425      
155540    33863.501      51347.665      55.301087      33873.597      51340.727      33853.405      51354.603      
155550    33869.144      51355.92       55.472219      33879.274      51349.033      33859.014      51362.807      
155560    33874.746      51364.204      56.043352      33884.911      51357.367      33864.581      51371.041      
155570    33880.306      51372.516      56.214484      33890.505      51365.73       33870.107      51379.302      
155580    33885.824      51380.855      56.385616      33896.057      51374.12       33875.591      51387.59       
155590    33891.301      51389.222      56.560749      33901.567      51382.539      33881.035      51395.905      
155600    33896.736      51397.616      57.131881      33907.035      51390.984      33886.437      51404.248      
155610    33902.129      51406.037      57.303014      33912.462      51399.457      33891.796      51412.617      
155620    33907.479      51414.486      57.474146      33917.844      51407.957      33897.114      51421.015      
155630    33912.788      51422.96       58.045278      33923.186      51416.483      33902.39       51429.437      
155640    33918.054      51431.461      58.220411      33928.484      51425.036      33907.624      51437.886      
155650    33923.277      51439.989      58.391543      33933.739      51433.617      33912.815      51446.361      
155660    33928.458      51448.542      58.562676      33938.952      51442.222      33917.964      51454.862      
155670    33933.595      51457.121      59.133808      33944.12       51450.853      33923.07       51463.389      
155680    33938.69       51465.726      59.30494       33949.246      51459.511      33928.134      51471.941      
155690    33943.742      51474.356      59.480073      33954.329      51468.194      33933.155      51480.518      
155700    33948.751      51483.012      60.051205      33959.369      51476.903      33938.133      51489.121      
155710    33953.716      51491.692      60.222338      33964.364      51485.636      33943.068      51497.748      
155720    33958.638      51500.397      60.39347       33969.317      51494.395      33947.959      51506.399      
155730    33963.516      51509.126      60.564602      33974.225      51503.177      33952.807      51515.075      
155740    33968.35       51517.88       61.135735      33979.088      51511.985      33957.612      51523.775      
155750    33973.141      51526.658      61.310867      33983.908      51520.816      33962.374      51532.5        
155760    33977.887      51535.46       61.482         33988.684      51529.672      33967.09       51541.248      
155770    33982.59       51544.285      62.053132      33993.415      51538.551      33971.765      51550.019      
155780    33987.248      51553.133      62.224264      33998.102      51547.454      33976.394      51558.812      
155790    33991.863      51562.005      62.395397      34002.745      51556.38       33980.981      51567.63       
155800    33996.432      51570.9        62.570529      34007.342      51565.329      33985.522      51576.471      
155810    34000.957      51579.818      63.141662      34011.895      51574.302      33990.019      51585.334      
155820    34005.438      51588.758      63.312794      34016.403      51583.297      33994.473      51594.219      
155830    34009.874      51597.72       63.483926      34020.866      51592.314      33998.882      51603.126      
155840    34014.265      51606.705      64.055059      34025.284      51601.354      34003.246      51612.056      
155850    34018.611      51615.711      64.230191      34029.657      51610.415      34007.565      51621.007      
155860    34022.911      51624.739      64.401324      34033.983      51619.498      34011.839      51629.98       
155870    34027.167      51633.788      64.572456      34038.265      51628.603      34016.069      51638.973      
155880    34031.377      51642.858      65.143588      34042.501      51637.728      34020.253      51647.988      
155890    34035.542      51651.95       65.314721      34046.692      51646.876      34024.392      51657.024      
155898.13434038.897      51659.36       65.454609      34050.067      51654.331      34027.727      51664.389      
155900    34039.662      51661.062      65.485853      34050.837      51656.044      34028.487      51666.08       
155910    34043.736      51670.194      66.060986      34054.936      51665.232      34032.536      51675.156      
155920    34047.764      51679.347      66.232118      34058.989      51674.441      34036.539      51684.253      
155930    34051.746      51688.52       66.40325       34062.995      51683.67       34040.497      51693.37       
155940    34055.682      51697.713      66.574383      34066.955      51692.919      34044.409      51702.507      
155950    34059.573      51706.925      67.145515      34070.87       51702.188      34048.276      51711.662      
155960    34063.417      51716.156      67.320648      34074.737      51711.475      34052.097      51720.837      
155970    34067.215      51725.407      67.49178       34078.559      51720.783      34055.871      51730.031      
155980    34070.967      51734.677      68.062912      34082.334      51730.11       34059.6        51739.244      
155990    34074.672      51743.965      68.234045      34086.061      51739.454      34063.283      51748.476      
156000    34078.331      51753.271      68.405177      34089.743      51748.817      34066.919      51757.725      
156010    34081.943      51762.596      68.58031       34093.377      51758.2        34070.509      51766.992      
156020    34085.509      51771.939      69.151442      34096.965      51767.6        34074.053      51776.278      
156030    34089.028      51781.299      69.322574      34100.505      51777.017      34077.551      51785.581      
156040    34092.5        51790.677      69.493707      34103.999      51786.453      34081.001      51794.901      
156050    34095.925      51800.072      70.064839      34107.445      51795.905      34084.405      51804.239      
156060    34099.303      51809.484      70.235972      34110.843      51805.375      34087.763      51813.593      
156070    34102.634      51818.913      70.411104      34114.195      51814.861      34091.073      51822.965      
156080    34105.918      51828.359      70.582236      34117.499      51824.365      34094.337      51832.353      
156090    34109.154      51837.821      71.153369      34120.755      51833.885      34097.553      51841.757      
156100    34112.343      51847.298      71.324501      34123.963      51843.42       34100.723      51851.176      
156110    34115.485      51856.792      71.495634      34127.124      51852.972      34103.846      51860.612      
156120    34118.579      51866.301      72.070766      34130.237      51862.54       34106.921      51870.062      
156130    34121.626      51875.826      72.241898      34133.303      51872.123      34109.949      51879.529      
156140    34124.625      51885.366      72.413031      34136.32       51881.721      34112.93       51889.011      
156150    34127.576      51894.92       72.584163      34139.289      51891.334      34115.863      51898.506      
156160    34130.48       51904.489      73.155296      34142.211      51900.962      34118.749      51908.016      
156170    34133.335      51914.073      73.330428      34145.084      51910.604      34121.586      51917.542      
156180    34136.143      51923.671      73.501561      34147.909      51920.261      34124.377      51927.081      
156190    34138.902      51933.282      74.072693      34150.685      51929.931      34127.119      51936.633      
156200    34141.614      51942.908      74.243825      34153.413      51939.616      34129.815      51946.2        
156210    34144.277      51952.547      74.414958      34156.093      51949.314      34132.461      51955.78       
156220    34146.892      51962.199      74.59009       34158.724      51959.025      34135.06       51965.373      
156230    34149.459      51971.864      75.161223      34161.306      51968.749      34137.612      51974.979      
156240    34151.977      51981.541      75.332355      34163.84       51978.486      34140.114      51984.596      
156250    34154.447      51991.231      75.503487      34166.325      51988.235      34142.569      51994.227      
156260    34156.869      52000.934      76.07462       34168.762      51997.997      34144.976      52003.871      
156270    34159.242      52010.648      76.245752      34171.149      52007.771      34147.335      52013.525      
156271.73334159.648      52012.333      76.275625      34171.558      52009.466      34147.738      52015.2        
156280    34161.566      52020.374      76.41571       34173.487      52017.556      34149.645      52023.192      
156290    34163.843      52030.112      76.582281      34175.778      52027.351      34151.908      52032.873      
156300    34166.075      52039.859      77.141415      34178.022      52037.153      34154.128      52042.565      
156310    34168.262      52049.617      77.293111      34180.221      52046.964      34156.303      52052.27       
156320    34170.407      52059.385      77.44137       34182.377      52056.783      34158.437      52061.987      
156330    34172.511      52069.161      77.58219       34184.492      52066.608      34160.53       52071.714      
156340    34174.575      52078.945      78.115573      34186.566      52076.44       34162.584      52081.45       
156350    34176.602      52088.738      78.245518      34188.602      52086.278      34164.602      52091.198      
156360    34178.592      52098.538      78.372025      34190.601      52096.121      34166.583      52100.955      
156370    34180.548      52108.345      78.491095      34192.566      52105.97       34168.53       52110.72       
156380    34182.47       52118.158      79.002727      34194.495      52115.822      34170.445      52120.494      
156390    34184.362      52127.978      79.110921      34196.394      52125.68       34172.33       52130.276      
156400    34186.223      52137.803      79.211677      34198.262      52135.54       34174.184      52140.066      
156410    34188.057      52147.633      79.304996      34200.102      52145.404      34176.012      52149.862      
156420    34189.864      52157.469      79.394876      34201.915      52155.271      34177.813      52159.667      
156430    34191.646      52167.309      79.48132       34203.703      52165.14       34179.589      52169.478      
156440    34193.405      52177.153      79.560325      34205.466      52175.012      34181.344      52179.294      
156450    34195.142      52187.001      80.031893      34207.208      52184.885      34183.076      52189.117      
156460    34196.859      52196.852      80.100022      34208.929      52194.76       34184.789      52198.944      
156470    34198.558      52206.707      80.160714      34210.632      52204.636      34186.484      52208.778      
156480    34200.241      52216.564      80.213969      34212.318      52214.513      34188.164      52218.615      
156490    34201.908      52226.424      80.263785      34213.988      52224.39       34189.828      52228.458      
156500    34203.561      52236.287      80.310164      34215.644      52234.269      34191.478      52238.305      
156510    34205.203      52246.151      80.345105      34217.288      52244.146      34193.118      52248.156      
156520    34206.835      52256.017      80.380609      34218.922      52254.024      34194.748      52258.01       
156530    34208.458      52265.884      80.404674      34220.546      52263.9        34196.37       52267.868      
156540    34210.075      52275.753      80.425302      34222.164      52273.776      34197.986      52277.73       
156550    34211.686      52285.622      80.442492      34223.776      52283.651      34199.596      52287.593      
156560    34213.293      52295.492      80.452245      34225.384      52293.524      34201.202      52297.46       
156570    34214.899      52305.362      80.454559      34226.99       52303.396      34202.808      52307.328      
156571.73334215.177      52307.073      80.454611      34227.268      52305.107      34203.086      52309.039      

