吉林建筑大学测勘学院
主点要素:
p1=0.545	p2=0.545	q1=59.994	q2=59.994	T1=382.307	T2=382.307
圆曲线长Ly=506.78	平曲线 L=746.78	 外矢距 E=46.772	切曲差D=17.834
主点里程桩号：
KZH=3246.326	KHY=3366.326	KQZ=3619.716	KYH=3873.106	KHZ=3993.106
主点坐标：
ZH(x,y) 4040754.442,495544.813	HY(x,y) 4040873.056,495562.891
YH(x,y) 4041332.125,495766.78	HZ(x,y) 4041425.067,495842.661

逐桩坐标
桩号      X坐标         Y坐标          切线方位角(d.ms) 左边桩X      左边桩Y      右边桩X      右边桩Y      
2845.918  4040357.574    495491.689     7.372694       4040359.199    495479.547     4040355.949    495503.831     
2850      4040361.62     495492.231     7.372694       4040363.245    495480.089     4040359.995    495504.373     
2860      4040371.532    495493.557     7.372694       4040373.157    495481.415     4040369.907    495505.699     
2870      4040381.443    495494.884     7.372694       4040383.068    495482.742     4040379.818    495507.026     
2880      4040391.355    495496.211     7.372694       4040392.98     495484.069     4040389.73     495508.353     
2890      4040401.266    495497.538     7.372694       4040402.891    495485.396     4040399.641    495509.68      
2900      4040411.178    495498.864     7.372694       4040412.803    495486.722     4040409.553    495511.006     
2910      4040421.089    495500.191     7.372694       4040422.714    495488.049     4040419.464    495512.333     
2920      4040431.001    495501.518     7.372694       4040432.626    495489.376     4040429.376    495513.66      
2930      4040440.913    495502.845     7.372694       4040442.538    495490.703     4040439.288    495514.987     
2940      4040450.824    495504.171     7.372694       4040452.449    495492.029     4040449.199    495516.313     
2950      4040460.736    495505.498     7.372694       4040462.361    495493.356     4040459.111    495517.64      
2960      4040470.647    495506.825     7.372694       4040472.272    495494.683     4040469.022    495518.967     
2970      4040480.559    495508.151     7.372694       4040482.184    495496.009     4040478.934    495520.293     
2980      4040490.471    495509.478     7.372694       4040492.096    495497.336     4040488.846    495521.62      
2990      4040500.382    495510.805     7.372694       4040502.007    495498.663     4040498.757    495522.947     
3000      4040510.294    495512.132     7.372694       4040511.919    495499.99      4040508.669    495524.274     
3010      4040520.205    495513.458     7.372694       4040521.83     495501.316     4040518.58     495525.6       
3020      4040530.117    495514.785     7.372694       4040531.742    495502.643     4040528.492    495526.927     
3030      4040540.029    495516.112     7.372694       4040541.654    495503.97      4040538.404    495528.254     
3040      4040549.94     495517.439     7.372694       4040551.565    495505.297     4040548.315    495529.581     
3050      4040559.852    495518.765     7.372694       4040561.477    495506.623     4040558.227    495530.907     
3060      4040569.763    495520.092     7.372694       4040571.388    495507.95      4040568.138    495532.234     
3070      4040579.675    495521.419     7.372694       4040581.3      495509.277     4040578.05     495533.561     
3080      4040589.587    495522.746     7.372694       4040591.212    495510.604     4040587.962    495534.888     
3090      4040599.498    495524.072     7.372694       4040601.123    495511.93      4040597.873    495536.214     
3100      4040609.41     495525.399     7.372694       4040611.035    495513.257     4040607.785    495537.541     
3110      4040619.321    495526.726     7.372694       4040620.946    495514.584     4040617.696    495538.868     
3120      4040629.233    495528.053     7.372694       4040630.858    495515.911     4040627.608    495540.195     
3130      4040639.145    495529.379     7.372694       4040640.77     495517.237     4040637.52     495541.521     
3140      4040649.056    495530.706     7.372694       4040650.681    495518.564     4040647.431    495542.848     
3150      4040658.968    495532.033     7.372694       4040660.593    495519.891     4040657.343    495544.175     
3160      4040668.879    495533.36      7.372694       4040670.504    495521.218     4040667.254    495545.502     
3170      4040678.791    495534.686     7.372694       4040680.416    495522.544     4040677.166    495546.828     
3180      4040688.703    495536.013     7.372694       4040690.328    495523.871     4040687.078    495548.155     
3190      4040698.614    495537.34      7.372694       4040700.239    495525.198     4040696.989    495549.482     
3200      4040708.526    495538.667     7.372694       4040710.151    495526.525     4040706.901    495550.809     
3210      4040718.437    495539.993     7.372694       4040720.062    495527.851     4040716.812    495552.135     
3220      4040728.349    495541.32      7.372694       4040729.974    495529.178     4040726.724    495553.462     
3230      4040738.261    495542.647     7.372694       4040739.886    495530.505     4040736.636    495554.789     
3240      4040748.172    495543.974     7.372694       4040749.797    495531.832     4040746.547    495556.116     
3246.326  4040754.442    495544.813     7.372694       4040756.067    495532.671     4040752.817    495556.955     
3250      4040758.084    495545.301     7.373749       4040759.71     495533.159     4040756.458    495557.443     
3260      4040767.995    495546.63      7.395303       4040769.629    495534.489     4040766.361    495558.771     
3270      4040777.904    495547.971     7.444483       4040779.555    495535.833     4040776.253    495560.109     
3280      4040787.812    495549.328     7.521289       4040789.489    495537.193     4040786.135    495561.463     
3290      4040797.716    495550.712     8.021722       4040799.429    495538.582     4040796.003    495562.842     
3300      4040807.615    495552.128     8.145781       4040809.373    495540.005     4040805.857    495564.251     
3310      4040817.508    495553.584     8.301465       4040819.32     495541.469     4040815.696    495565.699     
3320      4040827.395    495555.088     8.480776       4040829.27     495542.982     4040825.52     495567.194     
3330      4040837.272    495556.647     9.083713       4040839.219    495544.553     4040835.325    495568.741     
3340      4040847.14     495558.268     9.314276       4040849.168    495546.187     4040845.112    495570.349     
3350      4040856.996    495559.96      9.572465       4040859.114    495547.895     4040854.878    495572.025     
3360      4040866.838    495561.729     10.254281      4040869.055    495549.681     4040864.621    495573.777     
3366.326  4040873.056    495562.891     10.445775      4040875.341    495550.856     4040870.771    495574.926     
3370      4040876.664    495563.582     10.562667      4040878.989    495551.555     4040874.339    495575.609     
3380      4040886.474    495565.525     11.274181      4040888.908    495553.519     4040884.04     495577.531     
3390      4040896.265    495567.556     11.585694      4040898.808    495555.573     4040893.722    495579.539     
3400      4040906.038    495569.677     12.301208      4040908.69     495557.718     4040903.386    495581.636     
3410      4040915.791    495571.886     13.012721      4040918.552    495559.951     4040913.03     495583.821     
3420      4040925.523    495574.184     13.324235      4040928.392    495562.275     4040922.654    495586.093     
3430      4040935.234    495576.57      14.035748      4040938.211    495564.687     4040932.257    495588.453     
3440      4040944.923    495579.045     14.351262      4040948.008    495567.19      4040941.838    495590.9       
3450      4040954.589    495581.607     15.062775      4040957.782    495569.78      4040951.396    495593.434     
3460      4040964.232    495584.258     15.374289      4040967.532    495572.461     4040960.932    495596.055     
3470      4040973.849    495586.995     16.085802      4040977.256    495575.228     4040970.442    495598.762     
3480      4040983.442    495589.82      16.401315      4040986.956    495578.085     4040979.928    495601.555     
3490      4040993.009    495592.732     17.112829      4040996.63     495581.029     4040989.388    495604.435     
3500      4041002.548    495595.731     17.424342      4041006.275    495584.062     4040998.821    495607.4       
3510      4041012.06     495598.817     18.135856      4041015.893    495587.182     4041008.227    495610.452     
3520      4041021.544    495601.989     18.451369      4041025.482    495590.389     4041017.606    495613.589     
3530      4041030.998    495605.247     19.162883      4041035.042    495593.684     4041026.954    495616.81      
3540      4041040.423    495608.591     19.474396      4041044.572    495597.065     4041036.274    495620.117     
3550      4041049.816    495612.02      20.18591       4041054.069    495600.532     4041045.563    495623.508     
3560      4041059.178    495615.535     20.501423      4041063.536    495604.086     4041054.82     495626.984     
3570      4041068.508    495619.134     21.212937      4041072.969    495607.725     4041064.047    495630.543     
3580      4041077.804    495622.819     21.52445       4041082.369    495611.451     4041073.239    495634.187     
3590      4041087.067    495626.587     22.235964      4041091.735    495615.261     4041082.399    495637.913     
3600      4041096.295    495630.44      22.551477      4041101.066    495619.157     4041091.524    495641.723     
3610      4041105.488    495634.376     23.26299       4041110.361    495623.137     4041100.615    495645.615     
3619.716  4041114.385    495638.281     23.565179      4041119.357    495627.086     4041109.413    495649.476     
3620      4041114.644    495638.396     23.574504      4041119.619    495627.202     4041109.669    495649.59      
3630      4041123.764    495642.499     24.290017      4041128.841    495631.351     4041118.687    495653.647     
3640      4041132.845    495646.685     25.001531      4041138.023    495635.583     4041127.667    495657.787     
3650      4041141.889    495650.953     25.313044      4041147.168    495639.899     4041136.61     495662.007     
3660      4041150.893    495655.303     26.024558      4041156.272    495644.297     4041145.514    495666.309     
3670      4041159.857    495659.734     26.340071      4041165.336    495648.777     4041154.378    495670.691     
3680      4041168.781    495664.247     27.051585      4041174.359    495653.341     4041163.203    495675.153     
3690      4041177.663    495668.841     27.363098      4041183.34     495657.986     4041171.986    495679.696     
3700      4041186.504    495673.516     28.074612      4041192.279    495662.713     4041180.729    495684.319     
3710      4041195.301    495678.27      28.390125      4041201.174    495667.52      4041189.428    495689.02      
3720      4041204.055    495683.105     29.101639      4041210.026    495672.409     4041198.084    495693.801     
3730      4041212.764    495688.019     29.413152      4041218.832    495677.377     4041206.696    495698.661     
3740      4041221.428    495693.012     30.124665      4041227.592    495682.426     4041215.264    495703.598     
3750      4041230.047    495698.083     30.440179      4041236.307    495687.554     4041223.787    495708.612     
3760      4041238.619    495703.232     31.151692      4041244.975    495692.76      4041232.263    495713.704     
3770      4041247.144    495708.46      31.463206      4041253.595    495698.046     4041240.693    495718.874     
3780      4041255.621    495713.764     32.174719      4041262.166    495703.409     4041249.076    495724.119     
3790      4041264.05     495719.146     32.490233      4041270.689    495708.851     4041257.411    495729.441     
3800      4041272.429    495724.603     33.201746      4041279.161    495714.369     4041265.697    495734.837     
3810      4041280.758    495730.137     33.51326       4041287.583    495719.964     4041273.933    495740.31      
3820      4041289.037    495735.746     34.224773      4041295.954    495725.636     4041282.12     495745.856     
3830      4041297.264    495741.43      34.540287      4041304.273    495731.383     4041290.255    495751.477     
3840      4041305.44     495747.189     35.2518        4041312.54     495737.206     4041298.34     495757.172     
3850      4041313.562    495753.022     35.563314      4041320.752    495743.104     4041306.372    495762.94      
3860      4041321.632    495758.928     36.274827      4041328.912    495749.076     4041314.352    495768.78      
3870      4041329.647    495764.908     36.59034       4041337.017    495755.123     4041322.277    495774.693     
3873.106  4041332.125    495766.78      37.084582      4041339.522    495757.016     4041324.728    495776.544     
3880      4041337.607    495770.96      37.294141      4041345.063    495761.241     4041330.151    495780.679     
3890      4041345.516    495777.08      37.575068      4041353.052    495767.422     4041337.98     495786.738     
3900      4041353.377    495783.261     38.23237       4041360.984    495773.659     4041345.77     495792.863     
3910      4041361.194    495789.498     38.462045      4041368.865    495779.947     4041353.523    495799.049     
3920      4041368.971    495795.784     39.064095      4041376.699    495786.279     4041361.243    495805.289     
3930      4041376.713    495802.112     39.242518      4041384.49     495792.647     4041368.936    495811.577     
3940      4041384.426    495808.478     39.393315      4041392.244    495799.047     4041376.608    495817.909     
3950      4041392.112    495814.875     39.520486      4041399.965    495805.473     4041384.259    495824.277     
3960      4041399.778    495821.296     40.020031      4041407.658    495811.917     4041391.898    495830.675     
3970      4041407.427    495827.737     40.09195       4041415.327    495818.374     4041399.527    495837.1       
3980      4041415.065    495834.192     40.140243      4041422.977    495824.84      4041407.153    495843.544     
3990      4041422.697    495840.654     40.160909      4041430.615    495831.307     4041414.779    495850.001     
3993.106  4041425.067    495842.661     40.161663      4041432.985    495833.314     4041417.149    495852.008     

